cb_2020_3,water_pct,developed_pct,barren_pct,forest_pct,shrub_pct,grassland_pct,pasture_hay_pct,cultivated_crops_pct,woody_wetlands_pct,herbaceous_wetlands_pct,impervious_mean
1400000US36001000100,8.137931034482758,85.89655172413792,0.0,0.1724137931034483,0.0,0.0,0.41379310344827586,0.0,4.379310344827586,1.0,52.83275862068965
1400000US36001000201,0.0,100.0,0.0,0.0,0.0,0.0,0.0,0.0,0.0,0.0,66.02366863905326
1400000US36001000202,0.0,100.0,0.0,0.0,0.0,0.0,0.0,0.0,0.0,0.0,57.896875
1400000US36001000301,0.0,100.0,0.0,0.0,0.0,0.0,0.0,0.0,0.0,0.0,65.25819672131148
1400000US36001000302,0.4705472289996514,94.54513767863368,0.0,3.851516207737888,0.0,0.0,0.0,0.0,1.1327988846287904,0.0,51.36685256186825
1400000US36001000401,0.23710729104919975,54.742145820984,1.5807152736613317,28.996245801225058,0.0,5.008891523414345,6.115392214977277,0.3260225251926497,2.835408022130014,0.15807152736613317,25.38690241011458
1400000US36001000403,0.0,100.0,0.0,0.0,0.0,0.0,0.0,0.0,0.0,0.0,55.22333428653131
1400000US36001000404,3.830179972311952,88.00184586986617,0.0,4.291647438855561,0.0,0.0,0.046146746654360866,0.0,3.507152745731426,0.3230272265805261,50.13797877249654
1400000US36001000501,0.0,100.0,0.0,0.0,0.0,0.0,0.0,0.0,0.0,0.0,70.42928452579035
1400000US36001000502,0.0,100.0,0.0,0.0,0.0,0.0,0.0,0.0,0.0,0.0,53.32756632064591
1400000US36001000600,0.0,100.0,0.0,0.0,0.0,0.0,0.0,0.0,0.0,0.0,79.45293072824157
1400000US36001000700,0.7311586051743533,88.63892013498312,0.0,9.05511811023622,0.0,0.0,0.0,0.0,1.124859392575928,0.44994375703037126,52.34195725534308
1400000US36001000800,0.0,100.0,0.0,0.0,0.0,0.0,0.0,0.0,0.0,0.0,81.66145833333333
1400000US36001001100,10.455764075067025,88.6952636282395,0.0,0.0,0.0,0.0,0.0,0.0,0.0,0.8489722966934763,71.06613047363717
1400000US36001001400,0.0,100.0,0.0,0.0,0.0,0.0,0.0,0.0,0.0,0.0,52.560834298957126
1400000US36001001500,0.0,100.0,0.0,0.0,0.0,0.0,0.0,0.0,0.0,0.0,62.750773993808046
1400000US36001001600,0.0,100.0,0.0,0.0,0.0,0.0,0.0,0.0,0.0,0.0,53.93228655544652
1400000US36001001700,0.0,100.0,0.0,0.0,0.0,0.0,0.0,0.0,0.0,0.0,46.692460317460316
1400000US36001001802,0.0,92.67723880597015,0.0,5.457089552238806,0.0,0.0,0.0,0.0,1.8656716417910446,0.0,41.52518656716418
1400000US36001001803,0.0,97.82718544719555,0.0,2.1728145528044465,0.0,0.0,0.0,0.0,0.0,0.0,39.12127337038908
1400000US36001001804,0.10058916510992959,68.558700962782,0.0,21.33927288403506,0.0,0.0,0.014369880729989942,9.297312832303492,0.5747952291995977,0.11495904583991953,18.865066819945394
1400000US36001001901,0.0,100.0,0.0,0.0,0.0,0.0,0.0,0.0,0.0,0.0,47.73216132368149
1400000US36001001902,0.0,95.7757296466974,0.0,4.224270353302612,0.0,0.0,0.0,0.0,0.0,0.0,46.07066052227343
1400000US36001002000,0.40272614622056996,66.29491945477075,0.0,28.74845105328377,0.0,0.09293680297397769,0.0,2.168525402726146,2.1065675340768277,0.18587360594795538,35.93711276332094
1400000US36001002100,0.0,100.0,0.0,0.0,0.0,0.0,0.0,0.0,0.0,0.0,61.06461538461539
1400000US36001002200,0.0,100.0,0.0,0.0,0.0,0.0,0.0,0.0,0.0,0.0,75.0948905109489
1400000US36001002300,0.0,100.0,0.0,0.0,0.0,0.0,0.0,0.0,0.0,0.0,50.200557103064064
1400000US36001002500,12.672811059907835,87.09677419354838,0.0,0.0,0.0,0.0,0.0,0.0,0.0,0.2304147465437788,68.82373271889401
1400000US36001002600,7.435449427295671,88.21588041157057,0.0,3.20326150262085,0.0,0.0,0.0,0.0,0.9706853038245,0.17472335468841002,53.421277421859834
1400000US36001012700,25.526641883519208,69.39281288723667,0.0,1.6522098306484923,0.0,0.0,0.20652622883106153,0.0,2.0239570425444033,1.197852127220157,30.993391160677405
1400000US36001012800,6.2905641537693455,91.81228157763354,0.199700449326011,0.04992511233150275,0.0,0.0,0.0,0.0,0.5491762356465303,1.0983524712930606,54.04842735896156
1400000US36001012900,13.821938022626659,76.63551401869158,0.0,6.050172159370389,0.0,0.0,0.04918839153959665,0.0,0.9345794392523363,2.5086079685194296,39.594195769798326
1400000US36001013000,0.658464737480506,82.79327672846993,0.7277768151100329,11.28054063420551,0.0,0.0,0.0,3.742852191994455,0.6238086986657425,0.17328019407381737,29.495927915439264
1400000US36001013100,15.433246560059501,76.71997024916325,0.0,1.338787653402752,0.0,0.0,0.2231312755671253,0.0,3.9047973224246935,2.38006693938267,49.07735217552994
1400000US36001013200,10.989010989010989,88.91941391941391,0.0,0.0,0.0,0.0,0.0,0.0,0.0,0.09157509157509157,64.82234432234432
1400000US36001013300,0.0,96.27249357326478,0.0,3.7275064267352187,0.0,0.0,0.0,0.0,0.0,0.0,56.85668380462725
1400000US36001013400,13.29987452948557,86.38644918444166,0.0,0.0,0.0,0.0,0.0,0.0,0.3136762860727729,0.0,56.68381430363865
1400000US36001013503,5.36029983735238,55.49112509723499,4.829927162152606,14.75143200622304,0.0,0.0,0.24043561275723077,10.077080828795701,3.9884025175022986,5.261296937981755,21.58646510313648
1400000US36001013505,0.2113526570048309,89.73429951690821,0.0,8.303140096618357,0.0,0.0,0.0,1.3888888888888888,0.36231884057971014,0.0,32.56884057971015
1400000US36001013507,0.01623640201331385,82.07501217730152,0.0,6.20230556908589,0.0,0.0,0.01623640201331385,0.860529306705634,10.829680142880338,0.0,38.36805555555556
1400000US36001013509,0.0,77.47423523638149,0.0,19.319483068869623,0.0,0.0,0.0,1.7994438082774413,1.3414035661704564,0.06543432030099788,30.99476525437592
1400000US36001013510,0.0,94.23868312757202,0.0,2.983539094650206,0.0,0.0,0.0,0.0,2.7777777777777777,0.0,36.50308641975309
1400000US36001013511,11.347582790569673,59.93028162553894,0.07338776259058802,19.77800201816347,0.0,0.009173470323823502,1.403540959544996,4.449133107054399,2.0365104118888175,0.9723878543252913,26.099670208867717
1400000US36001013512,6.144873637055194,48.76172766460992,2.053926126278421,28.49294227030682,0.0,0.05916659623024258,0.4395232862818021,2.4427351872200154,5.5954695292029415,6.00963570281464,15.39280296645879
1400000US36001013602,6.371103622577927,74.41027801179445,0.0,8.982729570345409,0.0,0.0,0.15796124684077506,0.04212299915754002,7.940185341196293,2.0956192080876157,30.010004212299915
1400000US36001013603,1.8601583113456464,79.45910290237467,0.0,15.554089709762534,0.0,0.0,0.02638522427440633,0.79155672823219,2.150395778364116,0.15831134564643798,22.416622691292876
1400000US36001013604,0.4081127875340094,82.48825129854069,0.012367054167697254,16.44818204303735,0.0,0.0,0.0,0.18550581251545883,0.43284689586940395,0.02473410833539451,27.34071234232006
1400000US36001013703,0.26186761756184534,76.61020726543347,0.0,11.282594160909294,0.0,0.04457321149988857,0.31201248049922,0.8914642299977713,10.062402496099844,0.5348785379986628,32.46147890050329
1400000US36001013706,2.3725553061878806,97.21064443731964,0.0,0.41680025649246555,0.0,0.0,0.0,0.0,0.0,0.0,23.719140750240463
1400000US36001013707,0.0,87.12653778558875,0.010984182776801405,7.3374340949033385,0.0,0.0,0.0,0.5492091388400703,4.975834797891037,0.0,27.083809314586993
1400000US36001013708,0.18123238018525975,88.38099073701167,0.0,4.027386226339106,0.0,0.02013693113169553,0.24164317358034634,3.5038260169150224,3.5440998791784133,0.10068465565847766,39.06042963260389
1400000US36001013709,0.04392708104546453,88.64484954974742,0.0,8.63167142543378,0.0,0.0,0.04392708104546453,0.30748956731825167,2.2842082143641558,0.04392708104546453,35.78849110476609
1400000US36001013802,0.0,69.38708078638692,0.0,24.4011234098794,0.0,0.0,0.0,0.3304146704113663,5.88138113332232,0.0,21.56720607661823
1400000US36001013803,0.0,77.42271105826397,0.0,7.446492271105827,0.0,0.029726516052318665,0.014863258026159332,0.044589774078478,15.011890606420927,0.029726516052318665,20.478745541022594
1400000US36001013804,0.0,47.61963115005208,0.018381226640524478,19.643404203173827,0.0,0.9864591630414803,1.0232216163225294,1.7462165308498252,28.24581827093928,0.7168678389804547,18.917861247202566
1400000US36001013901,0.0,89.7495361781076,0.0,6.099257884972171,0.0,0.11595547309833025,0.25510204081632654,0.0,3.6873840445269015,0.0927643784786642,45.40412705773244
1400000US36001013902,0.0,87.0942043417646,0.0,2.668791077474607,0.0,0.0,0.0,0.3385779725154352,9.89842660824537,0.0,38.779326827325235
1400000US36001014001,0.06466910972192283,99.65509808148308,0.0,0.0,0.0,0.0,0.0,0.0,0.2802328087949989,0.0,60.774304807070486
1400000US36001014002,0.0,99.23780487804879,0.0,0.5335365853658537,0.0,0.0,0.0,0.0,0.22865853658536583,0.0,48.70541158536585
1400000US36001014100,0.044103864601135676,43.64077402282375,0.0,47.02574563096091,0.0,0.03307789845085175,0.08269474612712939,3.759854457246816,5.3806714813385526,0.03307789845085175,11.05673525377229
1400000US36001014201,0.07879656160458452,54.84957020057306,0.0,35.121776504298,0.0,0.0,0.20057306590257878,6.439828080229226,2.9656160458452723,0.3438395415472779,17.652363896848136
1400000US36001014202,0.0,62.233981364316115,0.0,18.68169791786495,0.0,0.0,0.0,9.32934545036236,9.720464741746232,0.034510525710341654,16.405268606925112
1400000US36001014203,0.0,54.86725663716814,0.04097017371353654,19.501802687643398,0.0,0.0,0.03277613897082924,15.41297935103245,10.037692559816454,0.10652245165519501,13.237260497350183
1400000US36001014301,5.775710824584366,22.63499401264307,0.019493720237266424,39.24364365479406,0.0,0.044557074828037536,0.1559497618981314,18.067893842769223,12.255980394887075,1.8017767133587679,7.141924443859418
1400000US36001014303,0.1588271227855834,55.027489309712884,0.0,18.875992669517412,0.0,0.0,0.0,13.072693952351862,12.376298106291998,0.4886988393402566,14.407167685484838
1400000US36001014304,0.03548112404200965,27.753335225659946,0.6457564575645757,36.621250827892894,0.0,0.02128867442520579,0.07569306462295393,24.20995363799792,10.105024127164349,0.5322168606301447,12.002113396204976
1400000US36001014401,5.480041528919974,10.759951913882135,4.317504986202563,64.17857435589191,0.0,0.22130542881342039,0.3722575885904757,9.025709680063386,5.320209830332505,0.3244446873036256,2.7816001559422743
1400000US36001014402,0.2820874471086037,77.36248236953456,0.023507287259050304,19.558062999529856,0.0,0.18805829807240243,0.023507287259050304,1.998119417019276,0.5641748942172073,0.0,30.048872180451127
1400000US36001014501,0.12790240062967337,13.938082119900303,0.009838646202282565,55.1078971533517,0.0,0.09510691328873147,0.1131444313262495,22.125475534566444,7.966023875114785,0.5165289256198348,2.746365052576918
1400000US36001014502,0.9215917265249528,10.52637065918829,0.13031557218961437,62.951804088781394,0.0,0.27314143930943174,0.15116606373995267,20.579435160183902,4.158630539714974,0.30754475036748996,1.9858221917033567
1400000US36001014503,0.06525285481239804,54.07830342577488,0.01631321370309951,30.0489396411093,0.0,0.04893964110929853,0.03262642740619902,4.584013050570963,10.65252854812398,0.4730831973898858,15.1489396411093
1400000US36001014606,0.1291722641314457,28.846750025834456,0.0,21.272088457166475,0.0,0.025834452826289142,0.17050738865350834,26.273638524336057,22.610313113568253,0.6716957734835176,7.091134626094881
1400000US36001014608,0.0,97.27800089245872,0.0,0.4239178937974119,0.0,0.0,0.0,0.0,2.298081213743864,0.0,42.80678268630076
1400000US36001014609,0.0,60.00834608429545,0.0,25.525107803588813,0.0,0.0,0.0,4.618166643483099,9.834469328140214,0.013910140492418973,19.54611211573237
1400000US36001014611,0.11254924029262803,29.330332020258865,0.005627462014631401,45.13787281935847,0.0,0.016882386043894203,0.016882386043894203,16.961170512099045,8.058525604952168,0.36015756893640966,6.381992121553179
1400000US36001014612,0.0,62.34739178690344,0.0,29.078801331853498,0.0,0.0,0.02774694783573807,3.218645948945616,5.3274139844617086,0.0,16.737791342952274
1400000US36001014613,1.4171311925885217,15.08989557980686,0.6359425296380623,42.32681688519013,0.0,0.009159666064745754,0.11253304022401926,25.71772526235901,11.823820365863233,2.866975478265421,4.280891455802751
1400000US36001014614,0.12987012987012986,68.25974025974027,0.0,25.38961038961039,0.0,0.0,0.012987012987012988,1.4285714285714286,4.77922077922078,0.0,18.714415584415583
1400000US36001014615,0.15001500150015,53.285328532853285,0.075007500750075,24.842484248424842,0.0,0.045004500450045004,0.24002400240024005,8.685868586858685,12.661266126612661,0.015001500150015003,11.942544054494299
1400000US36001014616,0.0,78.7483414418399,0.0,19.338788146837683,0.0,0.033171163202122954,0.033171163202122954,0.022114108801415303,1.8244139761167626,0.0,21.510296222882943
1400000US36001014617,0.045454545454545456,38.3051948051948,0.045454545454545456,51.41558441558441,0.0,2.8051948051948052,1.025974025974026,3.11038961038961,3.207792207792208,0.03896103896103896,10.078475050916497
1400000US36001014700,0.45948520794867254,8.952795271939365,0.11550362108067548,47.744307020428124,0.0,0.024449671615617438,0.19896974142364537,35.33820640581396,6.707640943925942,0.4586421158239961,1.5781572512123347
1400000US36001014801,0.9688667228015633,7.275406438240818,0.12198544810760627,66.11071528812316,0.0,0.2634022065332383,0.1986311721398191,19.252110456203987,5.346309130556815,0.46257313729300253,1.2208986471977668
1400000US36001014802,0.6978715759096753,7.802350193416539,0.03312503859909159,67.4420171464183,0.0,0.10218232245821472,0.3952546978603471,21.060225811703805,2.2603628033888596,0.20661041024518145,1.0758446837418731
1400000US36001014803,1.1403884095176973,8.434952102498276,0.0992417219330148,58.49259549787254,0.0,0.04635242102260572,0.1420285721077278,22.686538781525588,8.111673678956,0.8462288145665454,1.4263472911669002
1400000US36083040100,11.826484018264841,84.29223744292239,0.0,3.881278538812785,0.0,0.0,0.0,0.0,0.0,0.0,39.7675799086758
1400000US36083040200,10.369410239792613,89.24173687621516,0.0,0.38885288399222295,0.0,0.0,0.0,0.0,0.0,0.0,52.832793259883346
1400000US36083040300,22.26099092812282,76.34333565945569,0.0,1.3956734124214933,0.0,0.0,0.0,0.0,0.0,0.0,43.12630844382414
1400000US36083040400,20.487364620938628,76.62454873646209,0.0,0.0,0.0,0.0,0.0,0.0,1.1732851985559567,1.7148014440433215,53.361913357400724
1400000US36083040500,0.0,91.84782608695652,0.0,8.152173913043478,0.0,0.0,0.0,0.0,0.0,0.0,43.17282608695652
1400000US36083040600,0.0,100.0,0.0,0.0,0.0,0.0,0.0,0.0,0.0,0.0,60.67835550181378
1400000US36083040701,12.282157676348547,87.71784232365145,0.0,0.0,0.0,0.0,0.0,0.0,0.0,0.0,68.36846473029046
1400000US36083040702,0.0,88.80753138075313,0.0,11.192468619246862,0.0,0.0,0.0,0.0,0.0,0.0,30.622384937238493
1400000US36083040800,10.406091370558377,89.59390862944161,0.0,0.0,0.0,0.0,0.0,0.0,0.0,0.0,69.16497461928934
1400000US36083040900,6.700593723494487,80.83121289228158,0.0,12.46819338422392,0.0,0.0,0.0,0.0,0.0,0.0,51.72349448685326
1400000US36083041000,10.01908396946565,70.19720101781171,0.0,19.720101781170484,0.0,0.0,0.0,0.06361323155216285,0.0,0.0,36.00540712468193
1400000US36083041101,0.05820721769499418,66.55995343422585,0.4947613504074505,18.044237485448196,0.0,0.0,0.0,8.847497089639116,5.9953434225844005,0.0,28.464493597206054
1400000US36083041102,0.05941770647653001,68.56803327391563,0.0,23.351158645276293,0.0,0.0,0.0,2.13903743315508,4.69399881164587,1.1883541295306002,25.17706476530006
1400000US36083041200,0.0,74.94983277591973,0.0,20.869565217391305,0.0,0.0,0.06688963210702341,1.5719063545150502,2.341137123745819,0.2006688963210702,22.006020066889633
1400000US36083041300,0.0,93.25504366154773,0.0,5.088828666064439,0.0,0.0,0.0,0.09033423667570009,1.5657934357121348,0.0,35.56368563685637
1400000US36083041400,2.008765522279036,74.76260043827611,0.0,23.155588020452885,0.0,0.0,0.0,0.0547845142439737,0.0,0.018261504747991236,21.26607012417823
1400000US36083051500,13.163022299198962,80.1255683048279,0.0,3.9618965143970555,0.0,0.0,0.021649707728945658,0.021649707728945658,2.5546655120155877,0.15154795410261962,49.09222775492531
1400000US36083051601,11.42578125,62.646484375,5.17578125,18.65234375,0.0,0.0,0.1953125,0.0,1.904296875,0.0,29.07568359375
1400000US36083051602,2.4311657879320445,54.6572934973638,0.0,41.62272993555946,0.0,0.0,0.0,0.35149384885764495,0.9373169302870533,0.0,22.259812536613943
1400000US36083051701,0.4679097292346711,8.059554282225301,0.1391400324072987,51.61038442570979,0.0,0.07162482680882043,0.163210670925017,34.42160016908156,4.112556654063828,0.9540192095437146,1.369882042044755
1400000US36083051702,1.7631693513278188,71.8981279930344,0.0,17.696996081845885,0.0,0.0,0.0,6.552024379625598,1.9373095341750108,0.15237265999129299,21.997170222028732
1400000US36083051800,4.885234393431115,9.517863616224272,0.0702000702000702,50.78342127522455,0.0,0.06214432443940641,0.35215117182330297,27.14153369891075,6.343899786522737,0.8435516632237943,1.39248391744736
1400000US36083051901,4.254643106063712,13.053995326144891,1.2402115534418434,51.39088188266163,0.0,0.2029437087450289,0.6713541880201713,21.036447870116028,7.013857570415317,1.1356647943913738,2.2545355227438257
1400000US36083051902,3.484133790737564,17.845911949685533,0.8969411092052602,59.59119496855346,0.0,0.01072041166380789,0.050028587764436826,15.455260148656375,2.3441966838193253,0.3216123499142367,3.8359771573604062
1400000US36083052002,0.408666976875923,10.277367537275689,1.2725323190839386,54.741143862914484,0.0,0.1294786461389063,0.1294786461389063,25.14111149325295,6.967569645349895,0.9326508729693095,1.7856566294658525
1400000US36083052003,0.9126504289744918,21.92088443599931,0.03166925778775839,56.2215696435769,0.0,0.03742730465825991,0.0777336327517706,16.404675534058846,4.0277537859158175,0.3656359762768469,4.998603390966733
1400000US36083052004,0.3125281726117138,30.591699972954295,0.06010157165609881,37.22991856237041,0.0,0.027045707245244466,0.009015235748414821,24.524446314271117,5.9320251224569525,1.3132193406857589,6.665628682040061
1400000US36083052101,2.29477456769774,5.112772858903498,0.17239163144483846,82.31927232585042,0.0,0.14139138193063505,0.40678376191808374,1.1326432627384562,8.10467498884747,0.3152952206688493,0.5786914870290419
1400000US36083052102,0.06401775425718066,5.519183987025735,0.1468140497631343,86.27715419743075,0.0,0.4916563526951474,0.09986769664120183,5.678801587640306,1.645683069437924,0.07682130510861679,0.726317900383526
1400000US36083052103,0.5169161990360212,3.9612778540992384,0.15018511188208722,82.04589377604955,0.0,0.860362772719864,0.23051668335390135,5.285584557710667,6.788599902205044,0.16066314294362818,0.5996658758287846
1400000US36083052201,0.6025954568488774,10.754180712538833,1.1313812325115122,69.894463172274,0.0,0.7645361006455593,0.8251261374402362,7.860180227818539,7.754423072686012,0.4131138872364333,1.954317049491641
1400000US36083052203,2.415418861559307,15.297191920029865,1.8278098082320573,67.12569303303054,0.0,0.2073914305860882,0.7258700070513087,4.222489526732756,7.69007424613215,0.48806116664592747,2.9733309369426664
1400000US36083052204,2.6755852842809364,15.25209818893166,0.0,51.03489619486338,0.0,0.022086199280620937,0.12936202435792263,22.486906038997915,8.181359247807157,0.21770682148040638,2.725792711784193
1400000US36083052301,1.2910629751829006,31.781666905752402,0.5809783388323052,43.35819824989241,0.0,0.08248457897001865,0.19724573231960982,16.514847224214606,5.045904461339836,1.1476115334959116,9.808893670432132
1400000US36083052303,8.536585365853659,27.28658536585366,0.0,44.69850948509485,0.0,0.40650406504065045,0.18631436314363142,14.972899728997291,3.9126016260162597,0.0,6.421959459459459
1400000US36083052305,1.4396456256921373,46.262458471760795,8.707087486157254,26.52270210409745,0.0,0.02768549280177187,0.37375415282392027,5.883167220376523,9.925249169435215,0.858250276854928,13.810215946843854
1400000US36083052306,0.01490646195125587,50.11552508012224,0.0,33.271223075203096,0.0,0.0,0.11179846463441902,13.75121115003354,2.1167175970783334,0.6186181709771186,13.807184914660505
1400000US36083052402,0.28779204703697975,17.991644747021507,0.009283614420547733,56.41652483366858,0.0,0.06498530094383413,0.0557016865232864,16.908556397957604,8.089122698437258,0.17638867399040692,4.600295439157998
1400000US36083052405,1.6072128577028617,81.73265386123089,0.0,15.797726381811056,0.0,0.0,0.0,0.0,0.862406899255194,0.0,34.20697765582125
1400000US36083052406,0.0,56.82224873247838,0.4100805249030719,36.22875037280048,0.0,0.12675216224276767,0.022368028631076647,3.914405010438413,2.4753951685058158,0.0,21.31665672532061
1400000US36083052407,0.01562744178777934,70.10470385997813,0.0,19.00296921393968,0.0,0.0,0.9532739490545398,8.407563681825286,1.42209720268792,0.09376465072667604,22.145647757462104
1400000US36083052408,4.361393862842707,34.69797161750501,0.03714986254550858,39.69834311613047,0.0,0.05943978007281373,0.12630953265472916,7.006464076082919,9.792703766996063,4.220224385169775,10.87343708433094
1400000US36083052501,3.4826639407590543,21.521199082383426,0.29715562634462916,45.209256992071886,0.0,0.0701287278173325,0.3328143015059847,19.7965078270792,8.167025234455789,1.1232482675826985,4.470825243731864
1400000US36083052502,0.8462757905527016,16.545287674171902,0.1823664731754413,54.70994195263239,0.0,0.06674851305767787,0.24553917303360073,18.24022313074365,8.77742946708464,0.38618782554799336,4.280973215238502
1400000US36083052503,15.215773809523808,52.34375,1.9717261904761905,25.558035714285715,0.0,0.0,0.03720238095238095,0.11160714285714285,3.869047619047619,0.8928571428571428,14.681175595238095
1400000US36083052601,1.5246636771300448,8.89140183271593,0.20354844999025148,71.78709300058492,0.0,0.13725872489764088,0.2729576915578085,10.533827256775199,6.267108598167284,0.38214076818093196,1.2081479345733945
1400000US36083052602,0.0,50.63788027477919,0.0,37.29146221786065,0.0,0.0,0.0,0.9813542688910697,11.089303238469087,0.0,14.997546614327772
1400000US36083052603,0.18293384700188386,5.985934688982173,0.18475107064759794,78.78997134844053,0.0,0.5233604099656545,0.2235185084228316,9.43623665097797,4.530338548765196,0.14295492679617414,0.8712285804918631
1400000US36091060102,7.2240634308008564,39.88756974451483,3.19251583672442,34.702353484079374,0.0,0.3775642908084071,1.493476528086588,3.041490120401057,9.01539623274741,1.06557033183706,12.669217792042135
1400000US36091060103,4.744693586260878,10.364197246650399,1.2845895299046917,65.2216952898384,0.0,1.498687784888807,2.619825958837884,1.9337906901791058,11.473824761729363,0.8586951517104838,2.314644614727759
1400000US36091060104,1.202230106436898,20.12366953877344,0.014191586416624428,30.149011657374558,0.0,0.10136847440446022,0.15408008109477953,28.71971616827167,19.07551951343132,0.46021287379624937,5.3005023973714875
1400000US36091060200,8.837101984310106,75.28841716658977,0.2768804799261652,13.036455929856944,0.0,0.0,0.1384402399630826,0.2076603599446239,1.7305029995385326,0.4845408398707891,35.98777111213659
1400000US36091060301,2.516241029403869,12.75659036813,1.6428942140773486,58.535712368237384,0.0,1.4818261538736868,0.8894536213468869,3.2142026236197365,17.78907242693774,1.1740071943733559,2.7808020615235947
1400000US36091060400,3.861725319215198,82.5288072251635,0.21800062285892244,5.605730302086577,0.0,0.03114294612270321,0.09342883836810963,0.0,7.47430706944877,0.18685767673621925,37.36997819993771
1400000US36091060501,3.310972566469001,5.565377750332027,0.16580240751863162,84.5253906084779,0.0,0.7511864177374739,0.7968666728701581,0.6141456523394212,4.1805892752912115,0.08966864896415792,1.1191493321377513
1400000US36091060504,12.695903161206108,4.7187021136866685,0.6932113929900517,73.89390217206237,0.0,0.5407859638881457,0.3745773842823438,1.3029131093976762,5.596769878140734,0.18323482434590843,0.8105350181149142
1400000US36091060505,7.099051531713249,2.585855289991027,0.23248225793294722,82.51748251748252,0.0,1.601791633604995,1.1008609630030628,0.020763965620805493,4.631847473841111,0.20986436681028411,0.37661384214936705
1400000US36091060506,0.6392777466111756,7.049015642735065,0.5910057534997195,75.74788973111195,0.0,1.2315881485733668,1.1441767015877573,1.9269657790708292,11.542224947487899,0.1278555493222351,1.2462132578376757
1400000US36091060507,4.6374146085128745,3.907364311988589,0.08257638315441783,77.33841303205466,0.0,1.5314165603182943,0.5161023947151115,0.8632985511598228,10.667367314766159,0.4560468433300803,0.5789730500713159
1400000US36091060601,0.3327647437152205,8.899359637594028,0.10486283940605687,63.980313749615505,0.0,0.7689941556444171,0.5201196834540421,5.387153603087162,18.708928721232628,1.2975028662509438,1.7726014373199854
1400000US36091060602,0.418983837992916,9.545764308971135,0.9852009523889651,69.39819449936479,0.0,1.168611548136868,1.1913275393533513,3.153316114051102,13.65651738614661,0.4820838135942587,1.68071453201349
1400000US36091060703,0.11012176320674574,21.867035836768085,0.0,54.862662429600725,0.0,0.29890192870402416,0.15102413239782272,6.1133310260202,16.4647767674543,0.1321461158480949,7.109198940951912
1400000US36091060704,0.031640229497131286,24.39250759365508,0.22570030374620317,46.90347620654742,0.0,1.7676341545730678,1.5482618967262909,3.3812858589267636,21.51113736078299,0.23835639554505567,7.63404238208211
1400000US36091060705,0.13083735909822866,44.625603864734295,0.020128824476650563,37.61070853462158,0.0,0.3321256038647343,0.5434782608695652,1.076892109500805,15.54951690821256,0.11070853462157809,12.004830431719835
1400000US36091060706,2.03136136849608,73.9575908766928,0.0,13.987883107626514,0.0,0.08018531717747684,0.18709907341411264,1.7284390591589451,7.991803278688526,0.03563791874554526,15.342476627271123
1400000US36091060800,2.2018587118996553,15.088061350490674,0.10788327809189575,31.11977643465263,0.0,0.23266393708975108,0.5992071228959511,26.162344836550332,23.78891271852863,0.6992916098004809,2.9072483972835674
1400000US36091060901,6.33835019981311,11.745233314114161,0.03876970793486689,39.01127303815337,0.0,0.09046265184802274,0.2763584309203332,26.4687754736863,14.651967314153927,1.3788098693759072,2.0294230097910466
1400000US36091060902,6.211975664425232,61.92763368555876,0.0,20.813320525136085,0.0,0.06404098623118795,0.1280819724623759,2.5616394492475183,7.845020813320525,0.44828690361831575,21.942172523961663
1400000US36091061001,0.0,100.0,0.0,0.0,0.0,0.0,0.0,0.0,0.0,0.0,56.771860095389506
1400000US36091061002,0.0,100.0,0.0,0.0,0.0,0.0,0.0,0.0,0.0,0.0,70.80413793103449
1400000US36091061101,0.43622766929788115,69.79642708766099,0.0,21.93601994183631,0.0,0.0,0.0,4.403822185292896,3.3651848774407975,0.062318238471125886,26.041960947237225
1400000US36091061102,1.7330130404941664,83.2875772134523,0.0,7.086479066575155,0.0,0.0,0.051475634866163356,0.06863417982155114,7.240905971173644,0.5319148936170213,29.747083047357584
1400000US36091061201,0.0,96.09375,0.0,3.90625,0.0,0.0,0.0,0.0,0.0,0.0,33.69591346153846
1400000US36091061202,0.0,94.82147724175525,0.0,4.796947397110929,0.0,0.0,0.0,0.0,0.38157536113382395,0.0,40.85527391659853
1400000US36091061301,4.332043176190591,31.877298843666612,0.007212058561915523,21.027958747025025,0.0,0.07692862466043225,0.23318989350193525,3.6348775152054236,35.51217635887203,3.2983147823160324,7.656483820235429
1400000US36091061303,0.0,45.73218480814409,0.0,50.74393108848865,0.0,0.0,0.0,0.15661707126076743,3.3672670321064997,0.0,20.021926389976507
1400000US36091061304,0.06282393591958536,46.39547667661379,0.0,28.23935919585362,0.0,0.20417779173865241,0.43976755143709756,7.68022616616931,16.601225066750434,0.37694361551751215,13.37427359824093
1400000US36091061305,0.019817677368212445,45.75241115074646,5.733914651869468,20.643413925221296,0.0,0.28405337561104504,0.5218655040295944,4.148500462412471,22.783723080988242,0.11230017175320385,16.796767338527914
1400000US36091061401,0.03854992957224405,13.188523982504263,0.7561716954555564,47.57357847134702,0.0,0.46111646526799616,0.4003261917117651,11.689524797983541,25.31395952257395,0.5782489435836607,2.7653952884217983
1400000US36091061403,0.08847469623687626,51.66922260233573,0.029491565412292083,29.898549014981718,0.0,0.08847469623687626,0.20054264480358616,6.600212339270968,11.407337501474577,0.01769493924737525,13.78565530258346
1400000US36091061404,0.06303845345660852,43.188344890383135,0.41325208377110034,31.32310709532815,0.0,0.37122644813336136,1.8351194228479373,3.5861875744203964,18.225117321566156,0.9946067100931568,11.956393924546791
1400000US36091061500,2.17491612378487,8.65039455058772,0.07977038641713655,51.03740605472874,0.0,0.11574526656604128,0.3018761682060266,17.22883934087763,19.218406625634447,1.1926454831973847,1.3535820377300258
1400000US36091061600,0.1341276671845485,11.239898510065164,0.005588652799356187,33.00993662467725,0.0,0.0067063833592274245,0.020119150077682273,29.789754881688218,25.251768808610997,0.5420993215375502,1.8261475003428522
1400000US36091061701,1.981343806985552,18.903422639921448,0.01052040959461355,27.039206059755927,0.0,0.04734184317576098,0.07714967036049937,26.97257679899004,23.984780474119795,0.9836582970963669,5.451652450184756
1400000US36091061702,0.011094674556213017,27.056213017751478,0.0,26.150147928994084,0.0,0.011094674556213017,0.1257396449704142,25.155325443786978,21.068786982248522,0.4215976331360947,6.437415636058517
1400000US36091061800,0.10080645161290322,90.38306451612902,0.0,5.866935483870968,0.0,0.0,0.0,0.0,3.6290322580645165,0.020161290322580645,31.729233870967743
1400000US36091061904,0.06103045098291148,31.106257227290246,0.0,28.15109854811769,0.0,0.057818321983810865,0.006424257998201208,15.546704355646924,23.490299370422715,1.580367467557497,8.790247949708013
1400000US36091061905,25.484773055529946,20.580191143480533,0.046095694662118554,19.913340094035217,0.0,0.05838787990535018,0.10141052825666083,6.1676039457914635,25.487846101840756,2.1603515564979565,6.388387927861612
1400000US36091061906,15.410010649627262,36.837060702875405,0.0,20.543130990415335,0.0,0.07454739084132055,0.05324813631522897,8.359957401490947,17.177848775292865,1.54419595314164,13.660809371671991
1400000US36091061907,0.0,41.194273076475376,0.2735420789197998,46.01908974508206,0.0,0.4248632289605401,0.6925852636480038,4.091491095332325,7.147014317308812,0.15714119427307646,13.601035967873356
1400000US36091062001,1.4735896807902686,15.729855498408032,0.8939505265735979,48.33455792309576,0.0,0.45309821209894685,0.7633276185811086,13.04800391868724,19.04849375459221,0.25512286717283045,4.482623028954999
1400000US36091062002,8.101946218538147,11.274176745028763,0.004529600942156996,39.703462124986785,0.0,0.1087104226117679,0.22346031314641182,26.532892452174963,13.037701378508554,1.0131207440624481,2.062843421145561
1400000US36091062100,12.798110979929161,42.21959858323495,0.0,7.319952774498228,0.0,0.18890200708382526,0.613931523022432,7.7213695395513575,28.264462809917358,0.8736717827626919,15.859603586597451
1400000US36091062200,11.13549094898519,86.83488754799781,0.0,0.0,0.0,0.0,0.38398244651673064,0.0,1.6456390565002743,0.0,49.06308283049918
1400000US36091062300,0.0,100.0,0.0,0.0,0.0,0.0,0.0,0.0,0.0,0.0,54.8974358974359
1400000US36091062404,4.7356216728175315,18.57016884940723,4.412293020673438,42.323393971063716,0.0,0.12410594728763187,0.3167967601815866,21.747934289166857,7.08710277932003,0.6825827100819752,5.7441645053723605
1400000US36091062406,0.0,66.30650769995032,0.06209637357178341,23.621460506706406,0.0,0.0,0.12419274714356682,4.781420765027322,4.657228017883756,0.44709388971684055,22.211872826626927
1400000US36091062407,4.650600467478037,53.69549447892319,0.10477955992584831,28.733779318126864,0.0,0.03223986459256871,0.5077778673329572,0.9268961070363504,6.705891835254292,4.642540501329894,15.92004513581043
1400000US36091062408,4.581005586592179,68.33519553072625,0.0670391061452514,17.18435754189944,0.0,0.0,0.3575418994413408,5.094972067039106,4.268156424581006,0.11173184357541899,18.96188787945934
1400000US36091062409,0.044365572315882874,50.60632948831707,0.0,27.74327122153209,0.0,0.05915409642117716,0.044365572315882874,11.416740609287194,9.509020999704228,0.5767524401064774,18.349032441661922
1400000US36091062410,0.0,83.70450841933732,0.0,11.922868006518197,0.0,0.0,0.0,0.4617055947854427,3.9109179793590436,0.0,33.48940793047257
1400000US36091062501,0.481709019826864,60.14381457693382,0.0,21.71879363306339,0.0,0.1466070929907847,0.6003909522479753,1.1100251326445125,15.2820441217537,0.5166154705389556,15.863325422309089
1400000US36091062503,0.9448630546585337,82.80110034684847,0.0,5.178806362875254,0.0,0.0,0.0,0.08372204281784475,10.91974644181318,0.07176175098672408,16.885420404257864
1400000US36091062505,0.11552508012223298,33.45755384959379,1.0397257211000968,26.123574569575915,0.0,0.11552508012223298,0.24595662219572184,26.365804576283818,11.485428933442646,1.0509055675635388,9.341567646445695
1400000US36091062506,0.08867868755542418,60.79416691299635,0.0,20.593161887870725,0.0,0.10838506256774068,0.325155187703222,1.4878313134298946,15.912897822445563,0.6897231254310769,15.464676322790423
1400000US36091062507,10.135976031343628,17.958054851348237,0.013828070984097718,34.24291311362065,0.0,0.18898363678266883,0.7144503341783821,5.038027195206269,26.808020281170776,4.8997464853652914,4.077486577486577
1400000US36091062508,0.0,85.20224269122949,0.010012014417300761,8.980776932318783,0.0,0.0,1.2715258309971966,1.1513816579895875,3.384060873047657,0.0,30.49078894673608
1400000US36091062509,0.0,60.434039987943336,0.0,26.615090927358587,0.0,0.05023610971566361,0.37174721189591076,0.23108610469205265,12.297799658394453,0.0,19.196523661207674
1400000US36091062601,0.0912640064898849,37.281346651117985,0.0,23.617096790549105,0.0,0.040561780662171074,0.02535111291385692,10.520711859250621,27.389342392131017,1.0343254068853622,6.7357466513967035
1400000US36091062602,3.037634955167436,26.202143016896084,0.016265782892462843,27.14352520179737,0.0,0.010166114307789277,0.17892361181709127,20.358660512778805,22.02183681353313,1.0308439908098326,5.580506084293658
1400000US36091062700,9.525919361984936,44.26229508196721,0.6695219809973908,32.26997489292571,0.0,0.009845911485255748,0.48244966277753165,7.827499630778319,3.2196130556786295,1.7328804214050115,15.929601732880421
1400000US36091062800,14.453125,85.15625,0.0,0.0,0.0,0.0,0.0,0.0,0.1953125,0.1953125,41.908203125
1400000US36091062900,2.0736118888266715,2.3553671261854605,0.22042681029962047,83.22178670150832,0.0,3.037979183887511,0.7794931960998676,0.24975779715400545,7.935365170786338,0.12621212525220205,0.4936227324036299
1400000US36093020101,0.0,95.56913674560732,0.0,4.4308632543926665,0.0,0.0,0.0,0.0,0.0,0.0,36.70970206264324
1400000US36093020102,0.0,99.78858350951374,0.0,0.21141649048625794,0.0,0.0,0.0,0.0,0.0,0.0,46.64482029598309
1400000US36093020200,10.732984293193718,86.1692844677138,0.0,2.6178010471204187,0.0,0.0,0.0,0.0,0.3926701570680628,0.08726003490401396,54.4912739965096
1400000US36093020300,8.833333333333334,91.16666666666666,0.0,0.0,0.0,0.0,0.0,0.0,0.0,0.0,64.86166666666666
1400000US36093020500,0.0,100.0,0.0,0.0,0.0,0.0,0.0,0.0,0.0,0.0,45.279200819672134
1400000US36093020600,1.064773735581189,85.00443655723159,0.0,12.289263531499556,0.0,0.0,0.0,0.0,1.5971606033717833,0.044365572315882874,34.58207630878438
1400000US36093020700,0.0,92.18158890290039,0.0,7.629255989911727,0.0,0.0,0.06305170239596469,0.12610340479192939,0.0,0.0,47.51261034047919
1400000US36093020800,0.1516300227445034,94.76876421531463,0.0,0.3032600454890068,0.0,0.0,0.0,0.0,4.700530705079606,0.0758150113722517,45.260803639120546
1400000US36093020900,0.0,100.0,0.0,0.0,0.0,0.0,0.0,0.0,0.0,0.0,67.93390452876378
1400000US36093021001,0.0,100.0,0.0,0.0,0.0,0.0,0.0,0.0,0.0,0.0,85.23203285420945
1400000US36093021002,0.0,100.0,0.0,0.0,0.0,0.0,0.0,0.0,0.0,0.0,64.05978260869566
1400000US36093021200,0.0,96.2843295638126,0.0,3.715670436187399,0.0,0.0,0.0,0.0,0.0,0.0,48.65347334410339
1400000US36093021400,0.0,100.0,0.0,0.0,0.0,0.0,0.0,0.0,0.0,0.0,61.85501066098081
1400000US36093021500,0.0,100.0,0.0,0.0,0.0,0.0,0.0,0.0,0.0,0.0,59.88771186440678
1400000US36093021600,0.0,100.0,0.0,0.0,0.0,0.0,0.0,0.0,0.0,0.0,65.23853868194843
1400000US36093021700,0.0,100.0,0.0,0.0,0.0,0.0,0.0,0.0,0.0,0.0,58.79184247538678
1400000US36093021801,0.0,99.78326831382748,0.0,0.21673168617251842,0.0,0.0,0.0,0.0,0.0,0.0,30.52145643693108
1400000US36093021802,0.5855735959542188,84.77508650519032,0.0,4.657971785999468,0.0,0.026616981634282673,0.31940377961139205,0.0,9.182858663827522,0.4524886877828055,34.226510513707744
1400000US36093031901,0.0,83.37971552257267,0.0,9.89486703772418,0.0,0.0,0.0,0.21645021645021645,6.508967223252937,0.0,19.1017316017316
1400000US36093031902,0.0,76.26435623614749,0.0,9.429780374773323,0.0,0.0,0.0,0.0,14.305863389079185,0.0,26.758815232722142
1400000US36093032000,4.3883708173340645,73.61492046077893,0.0,15.71585298957762,0.0,0.013713658804168954,0.06856829402084476,0.6719692814042787,5.156335710367526,0.3702687877125617,24.130554031815688
1400000US36093032101,4.73889028370575,63.54506653276425,0.0,18.039166457444136,0.0,0.0,0.08787346221441124,8.065528496108461,3.8915390409239268,1.631935726839066,17.468679387396435
1400000US36093032102,11.033163265306122,41.36479591836735,0.15306122448979592,29.132653061224488,0.0,0.0,1.3392857142857142,2.4872448979591835,8.801020408163266,5.688775510204082,8.848289538919188
1400000US36093032200,8.777506112469439,73.4718826405868,0.0,6.650366748166259,0.0,0.024449877750611245,0.2200488997555012,0.2200488997555012,9.43765281173594,1.1980440097799512,28.594045368620037
1400000US36093032300,0.0,98.16247582205028,0.0,0.0,0.0,0.0,0.0,0.0,1.5473887814313347,0.2901353965183753,48.470986460348165
1400000US36093032402,4.707779740419323,64.9182090469242,0.0,11.996006451117426,0.0,0.19199754243145686,0.13055832885339066,5.767606174640965,10.82098149143691,1.4668612241763306,22.750878504672897
1400000US36093032403,12.36164511243155,57.182803215658865,4.369101712687871,14.051031108004194,0.0,0.3495281370150297,0.9670278457415822,5.965280205056507,3.76325294186182,0.9903297215425843,25.948472206562183
1400000US36093032404,0.03344761267664521,33.853164980349526,0.0250857095074839,52.84304707751484,0.0,0.02090475792290325,0.07943808010703236,6.0456559913036205,7.053265323187557,0.04599046743038716,8.638680971390553
1400000US36093032502,0.0,54.43398563289571,0.0,28.907604656923457,0.0,0.08669804310131285,0.4211047807778053,2.2789199900916524,12.37304929403022,1.4986376021798364,13.682628062360802
1400000US36093032503,0.0785751702462022,44.744194167976254,0.0,29.23869390605902,0.0,0.008730574471800244,0.026191723415400735,8.625807578138641,16.79762528374367,0.48018159594901344,10.39935908539754
1400000US36093032504,1.3047354061427916,9.969205002836382,0.08103946622004916,65.61495448283314,0.0,0.025662497636348904,0.13641643480374943,13.85909938139874,8.611793943650557,0.39709338447824094,1.8116097104260014
1400000US36093032601,0.1692047377326565,63.851715120750654,0.3076449776957391,16.105214582371943,0.0,0.0,0.06152899553914783,9.013997846485156,10.321489001692047,0.1692047377326565,23.20126448893572
1400000US36093032602,2.425879947422229,21.881115817146195,0.06280122681466335,54.71885497298087,0.0,0.22783700890901126,0.2774937929020009,16.22608441653279,3.4832773477435373,0.6966554695487075,7.751582829925651
1400000US36093032700,0.0,99.88188976377953,0.0,0.11811023622047244,0.0,0.0,0.0,0.0,0.0,0.0,53.79527559055118
1400000US36093032901,0.0,91.15853658536585,0.0,4.288617886178861,0.0,0.0,0.0,0.0,4.5528455284552845,0.0,32.67520325203252
1400000US36093032902,0.0,96.96969696969697,0.0,2.8802880288028803,0.0,0.0,0.0,0.0,0.15001500150015,0.0,43.15181518151815
1400000US36093033002,0.0,45.616587850127324,0.0,17.060749363404877,0.0,0.0,0.036376864314296105,9.62774342185037,26.567236570874257,1.0913059294288832,11.686820973075106
1400000US36093033003,0.0,96.26865671641791,0.0,2.6368159203980097,0.0,0.0,0.0,0.09950248756218905,0.9950248756218906,0.0,32.02089552238806
1400000US36093033004,0.0,88.51015801354401,0.0,0.8577878103837472,0.0,0.0,0.04514672686230248,0.33860045146726864,10.248306997742663,0.0,53.193227990970655
1400000US36093033101,0.18273722681521437,12.809290124821315,0.001473687313025922,53.02032214804663,0.0,0.1532634805546959,0.1341055454853589,29.12006130539222,4.3724302577479115,0.20631622382362907,2.6750183066032993
